57241 93627
70357 24721
37816 90898
2 2
1 1
75805 7015
46381 70307
99788 38084
63054 46460
38713 45109
23729 44749
9756 16104
57108 64432
68205 31880
99036 15628
50602 82651
45851 32084
73091 18834
24297 42970
68767 9489
29616 23506
6081 53436
49520 36108
29331 25294
48516 81250
1786 41513
34374 394
12173 99925
66573 12113
26071 80443
95123 16905
25161 94205
37421 76255
79349 33832
10677 57090
39446 8411
37899 34112
21389 43372
36573 59313
76926 87687
80889 40559
10214 98597
738 19244
4978 67568
43701 770
72674 10235
79836 71056
18514 67827
73349 27232
49270 57853
80052 61372
14459 67850
55041 62367
80794 7505
71116 42922
88717 21735
55205 56215
29394 20089
47425 39863
10707 96327
75398 13629
51600 96103
15057 61711
55543 40376
78399 50432
65934 27519
28535 67845
98951 18048
72840 22998
82639 52468
26151 9523
4973 64962
67683 20706
88145 33442
37687 1383
61569 49982
32890 35716
1815 4711
63351 99363
44173 50943
27592 49523
47577 59676
47774 87005
12281 77539
82108 747
8003 73833
97876 97087
69167 99555
45121 23608
53419 84078
18444 20552
39785 63663
32362 71529
63623 70036
64239 79665
46950 6965
38103 65345
84793 8132
32468 67365
90861 513
